
1 : 1 1 0;

2 : 0 1 1;

3 : 1 1 0;

4 : 0 1 1;

5 : 1 1 0;

6 : 0 1 1;

7 : 1 1 0;

8 : 0 1 1;

9 : 1 1 0;

10 : 0 1 1;

11 : 1 1 0;

12 : 1 1 0;

13 : 1 1 0;

14 : 1 1 0;

15 : 1 1 0;

16 : 1 1 0;

17 : 1 1 0;

18 : 1 1 0;

19 : 1 1 0;
19.5 : 1 1 0;

20 : 1 1 0;
20.5 : 1 1 0;

21 : 1 1 0;
21.5 : 1 1 0;

22 : 1 1 0;
22.5 : 1 1 0;

23 : 1 1 0;
23.5 : 1 1 0;

24 : 1 1 0;
24.5 : 1 1 0;

25 : 1 1 0;
25.5 : 1 1 0;

26 : 1 1 0;
26.5 : 1 1 0;

27 : 1 1 0;
27.5 : 1 1 0;

28 : 1 1 0;
28.5 : 1 1 0;

29 : 1 1 0;
29.5 : 1 1 0;

30 : 1 1 0;
30.5 : 1 1 0;

31 : 1 1 0;
31.5 : 1 1 0;

32 : 1 1 0;
32.5 : 1 1 0;

33 : 1 1 0;
33.5 : 1 1 0;

34 : 1 1 0;
34.5 : 1 1 0;


