0 : 0 0 1;

1 : 1 0 0;
2 : 0 1 0;
2.5 : 0 0 1;
3 : 0 1 0;
3.5 : 0 0 1;

4 : 1 0 0;
5 : 0 1 0;
6 : 1 0 1;

7 : 1 0 0;
8 : 0 1 0;
8.5 : 0 0 1;
9 : 0 1 0;
9.5 : 0 0 1;

10 : 1 0 0;
11 : 0 1 0;
12 : 1 0 1;

13 : 1 0 0;
14 : 0 1 0;
14.5 : 0 0 1;
15 : 0 1 0;
15.5 : 0 0 1;

16 : 1 0 0;
17 : 1 0 0;
18 : 0 1 0;
18.5 : 0 0 1;

19 : 1 0 0;
20 : 0 1 0;
21 : 0 0 1;

22 : 1 1 1 ;

24 : 1 0 0;

25 : 1 0 0;
26 : 0 1 0;
26.5 : 0 0 1;
27 : 0 1 0;
27.5 : 0 0 1;

28 : 1 0 0;
29 : 0 1 0;
30 : 1 0 1;

31 : 1 0 0;
32 : 0 1 0;
32.5 : 0 0 1;
33 : 0 1 0;
33.5 : 0 0 1;

34 : 1 0 0;
35 : 0 1 0;
36 : 1 0 1;

37 : 1 0 0;
38 : 0 1 0;
38.5 : 0 0 1;
39 : 0 1 0;
39.5 : 0 0 1;

40 : 1 0 0;
41 : 1 0 0;
42 : 0 1 0;
42.5 : 0 0 1;

43 : 1 0 0;
44 : 0 1 0;
45 : 0 0 1;

46 : 1 1 1 ;

48 : 1 0 0;

49 : 1 0 0;
50 : 0 1 0;
51 : 0 0 1;

46 : 1 0 1;
48 : 0 1 0;
49 : 1 1 1;
